58 10
5 -3 -9 1 -10 16 -999
3 2 -999
-13 3 2 -999
999 -999
5 -3 -999
5 6 -14 -999
-1 -999
-2 -999
-3 7 -999
-13 6 -999
999 -999
9 -999
12 -999
20 -14 -999
13 -999
16 -999
4 -999
-14 -999
-5 -9 20 -14 10 -10 8 -999
11 -14 11 -999
-14 11 -999
11 -14 -999
-14 -999
20 -999
-6 -9 20 -10 8 -999
-7 -9 20 -10 8 14 -999
15 -999
999 -999
-8 8 -999
-11 17 -12 -999
18 -999
999 -999
8 19 -999
8 19 -999
999 -999
-3 -27 20 -999
21 -999
24 22 -999
23 24 22 -999
999 -999
-19 -999
-20 -999
-21 -999
-22 -999
-23 -999
-24 -999
-25 -999
26 25 -999
-15 26 25 -999
-16 26 25 -999
999 -999
28 27 -999
-17 28 27 -999
-18 28 27 -999
999 -999
-9 20 -10 -999
-4 -999
-3 -999